57896044618658097711785492504343953926634992332820282019728792003956564819949

403291461126605635584000000

80658175170943878571660636856403766975289505440883277824

71099858780486345185404564746372494973649797888116845868744704

0000000000000

000000000000

237217324288004688567714730513941708057020859738080456618373771700524976977833134572272495440764863148394470861871872753194004018370139553251793156523769289960651233211908986031308800000000000000000000000000000000000000000000000

4976977833134572272495440764863148394470861871872753194004018370139553251793156
       5179315652376928996065123
                 37692899606512332119089860313088
                 
8065817517094387857166063685
6403766975289505440883277824
000000000000
                 
                 
9332621544394415268169923885626670049071596826438162146859296389521
7599993229915608941463976156518286253697920827223758251185210916864
000000000000000000000000


10299016745145627623848583864765044283053772454999072182325491776887871732475287174542709871683888003235965704141638377695179741979175588724736000000000000000000000000


50392200139160268468702040115880168122661859898651914077310827391497375015428671498975890005578416168937269198370425013463695536280705318595740583841262257709320903463659424481514349542590076222172331704250134636955362807053185957405
61859898651914077310827391497375015428671498975890005578416168937

                846870204011588016812
69198370425013463695536280705318595740583841
870053886400523066523749566624313465



26      27
7044335 8181333


2411110054505
2760032871789

618970019642690137449562111

529129267044335818133326274678139151861960466514559172966017172251472926396620702965727476082996983510182155654830497887005388640052306652374956662431346578728511998192426953e+393
503922001391602684687020401158801681226618598986519140773108273914973750154286714989758900055784161689372691983704250134636955362807053185957405838412622577093209034636594244815143495425900762221723313516671432465293726789169859417220321898386948547503076332140696583782648654162369257874235628670913098927309583611016480222975543676334472010137600000000000000000000000000000000000000000000000000
486541623692578742356286709130989273095836110164802229755436763344720101376
78916985941722032189838694854750307633214069658378
225770932090346365942448151434954259007622217233135166714324652937
00000000000000000000000000000000000000000000000000


4976977833134572272495440764863148394470861871872753194004018370139553251793156
2746781391518619604665145591729660171722514729
313457227249544076486314
37692899606512332119089860313088
2372173242880046885677147305139417080570208597380804566183737717005249769778331345722724954407648631483944708618718727531940040183701395532517931565237692899606512332119089860313088
 37692899606512332119089860313088

2372173242880046885677147305139417080570208597380804566183737717005249769778331345722724954407648631483944708618718727531940040183701395532517931565237692899606512332119089860313088000000000000000000000000000000
0000000000000000000000000000000

23721732428800468856771473051394170805702085973808045661837377170052497697783313457227249544076486314839447086187187275319400401837013955325179315652376928996065123321190898603130880000000000000000000e+211
237217324288004688567714730513941708057020859738080456618373771700524976977833134572272495440764863148394470861871872753194004018370139553251793156523769289960651233211908986031308800000000000000000000000000000
 3769289960651233211908986031308800000000000000000000000000000

00000000000000000000000000000000000000000000000
00000000000000000000000000000000000000000000000

0000000000000000000
